2,1,15,372,359,179,-1,-1,-1,-1
2,2,521,507,122,67,-1,-1,-1,-1
2,3,57,556,167,97,-1,-1,-1,-1
2,4,935,333,58,38,-1,-1,-1,-1
2,5,821,320,65,39,-1,-1,-1,-1
2,6,708,322,68,38,-1,-1,-1,-1
2,7,1175,188,57,27,-1,-1,-1,-1
2,8,49,318,102,46,-1,-1,-1,-1
2,9,1065,412,214,71,-1,-1,-1,-1
2,10,964,670,108,48,-1,-1,-1,-1
2,11,1012,454,129,74,-1,-1,-1,-1
2,12,865,191,29,23,-1,-1,-1,-1
2,13,1012,276,74,41,-1,-1,-1,-1
2,14,24,209,63,30,-1,-1,-1,-1
3,1,16,373,357,177,-1,-1,-1,-1
3,2,528,507,124,67,-1,-1,-1,-1
3,3,66,551,167,98,-1,-1,-1,-1
3,4,932,331,58,38,-1,-1,-1,-1
3,5,818,318,65,39,-1,-1,-1,-1
3,6,705,321,66,37,-1,-1,-1,-1
3,7,1175,188,57,27,-1,-1,-1,-1
3,8,43,319,101,46,-1,-1,-1,-1
3,9,1055,412,224,74,-1,-1,-1,-1
3,10,973,673,99,45,-1,-1,-1,-1
3,11,1002,453,127,73,-1,-1,-1,-1
3,12,867,191,28,22,-1,-1,-1,-1
3,13,1013,276,74,41,-1,-1,-1,-1
3,14,23,207,65,31,-1,-1,-1,-1
4,1,16,373,356,177,-1,-1,-1,-1
4,2,534,507,124,68,-1,-1,-1,-1
4,3,80,551,159,94,-1,-1,-1,-1
4,4,930,329,56,37,-1,-1,-1,-1
4,5,814,317,66,39,-1,-1,-1,-1
4,6,701,319,66,37,-1,-1,-1,-1
4,7,1175,188,57,27,-1,-1,-1,-1
4,8,37,319,106,48,-1,-1,-1,-1
4,9,1045,411,234,80,-1,-1,-1,-1
4,11,994,451,127,73,-1,-1,-1,-1
4,12,869,190,27,22,-1,-1,-1,-1
4,14,23,207,65,31,-1,-1,-1,-1
5,1,14,372,359,179,-1,-1,-1,-1
5,2,544,506,125,69,-1,-1,-1,-1
5,3,94,551,155,91,-1,-1,-1,-1
5,4,926,327,57,38,-1,-1,-1,-1
5,5,811,314,65,40,-1,-1,-1,-1
5,6,696,318,66,37,-1,-1,-1,-1
5,7,1175,188,57,27,-1,-1,-1,-1
5,8,32,319,108,49,-1,-1,-1,-1
5,9,1022,408,257,89,-1,-1,-1,-1
5,11,986,449,127,72,-1,-1,-1,-1
5,12,870,189,27,22,-1,-1,-1,-1
5,14,24,208,63,30,-1,-1,-1,-1
6,1,13,372,360,180,-1,-1,-1,-1
6,2,549,507,127,70,-1,-1,-1,-1
6,3,108,551,147,87,-1,-1,-1,-1
6,4,924,325,57,38,-1,-1,-1,-1
6,5,810,314,62,37,-1,-1,-1,-1
6,6,692,316,67,37,-1,-1,-1,-1
6,7,1175,188,57,27,-1,-1,-1,-1
6,8,28,319,110,51,-1,-1,-1,-1
6,9,1008,407,267,93,-1,-1,-1,-1
6,11,978,445,125,71,-1,-1,-1,-1
6,12,870,188,28,23,-1,-1,-1,-1
6,14,24,208,63,30,-1,-1,-1,-1
7,1,13,372,361,181,-1,-1,-1,-1
7,2,556,508,126,69,-1,-1,-1,-1
7,3,120,551,143,85,-1,-1,-1,-1
7,4,921,324,57,38,-1,-1,-1,-1
7,5,805,308,67,41,-1,-1,-1,-1
7,6,687,315,70,38,-1,-1,-1,-1
7,7,1175,188,57,27,-1,-1,-1,-1
7,8,23,320,113,51,-1,-1,-1,-1
7,9,1001,408,261,93,-1,-1,-1,-1
7,11,970,441,125,72,-1,-1,-1,-1
7,12,870,187,29,23,-1,-1,-1,-1
7,14,25,209,61,29,-1,-1,-1,-1
8,1,15,373,357,178,-1,-1,-1,-1
8,2,563,509,123,68,-1,-1,-1,-1
8,3,131,551,140,83,-1,-1,-1,-1
8,4,919,321,57,38,-1,-1,-1,-1
8,5,802,304,67,42,-1,-1,-1,-1
8,6,684,314,70,38,-1,-1,-1,-1
8,7,1176,189,55,26,-1,-1,-1,-1
8,8,17,319,114,53,-1,-1,-1,-1
8,9,997,409,250,91,-1,-1,-1,-1
8,11,966,440,119,68,-1,-1,-1,-1
8,12,872,187,27,22,-1,-1,-1,-1
8,13,1033,273,70,39,-1,-1,-1,-1
8,14,24,209,63,29,-1,-1,-1,-1
9,1,16,372,355,178,-1,-1,-1,-1
9,2,570,511,121,66,-1,-1,-1,-1
9,3,142,549,138,82,-1,-1,-1,-1
9,4,916,318,57,39,-1,-1,-1,-1
9,5,797,300,70,44,-1,-1,-1,-1
9,6,682,313,69,37,-1,-1,-1,-1
9,7,1176,189,55,26,-1,-1,-1,-1
9,8,12,320,113,53,-1,-1,-1,-1
9,9,984,405,256,96,-1,-1,-1,-1
9,11,961,437,117,67,-1,-1,-1,-1
9,12,873,187,27,22,-1,-1,-1,-1
9,13,1036,272,69,39,-1,-1,-1,-1
9,14,24,209,63,29,-1,-1,-1,-1
9,19,339,283,60,32,-1,-1,-1,-1
9,20,406,311,69,33,-1,-1,-1,-1
10,1,16,372,355,178,-1,-1,-1,-1
10,2,576,512,121,66,-1,-1,-1,-1
10,3,152,547,136,81,-1,-1,-1,-1
10,4,914,316,57,39,-1,-1,-1,-1
10,5,796,299,66,42,-1,-1,-1,-1
10,6,678,312,68,36,-1,-1,-1,-1
10,7,1176,190,55,26,-1,-1,-1,-1
10,8,6,321,114,54,-1,-1,-1,-1
10,9,982,399,255,99,-1,-1,-1,-1
10,11,954,434,116,66,-1,-1,-1,-1
10,12,874,186,27,22,-1,-1,-1,-1
10,13,1036,271,72,40,-1,-1,-1,-1
10,14,25,209,60,29,-1,-1,-1,-1
10,19,337,284,60,31,-1,-1,-1,-1
10,20,403,312,68,31,-1,-1,-1,-1
10,21,1111,192,57,30,-1,-1,-1,-1
11,1,16,372,354,177,-1,-1,-1,-1
11,2,580,513,124,67,-1,-1,-1,-1
11,3,162,546,133,78,-1,-1,-1,-1
11,4,913,316,54,37,-1,-1,-1,-1
11,5,795,299,62,40,-1,-1,-1,-1
11,6,673,309,70,37,-1,-1,-1,-1
11,7,1175,189,57,26,-1,-1,-1,-1
11,8,1,324,113,52,-1,-1,-1,-1
11,9,982,398,247,97,-1,-1,-1,-1
11,11,948,433,112,63,-1,-1,-1,-1
11,12,875,187,25,21,-1,-1,-1,-1
11,13,1038,270,71,39,-1,-1,-1,-1
11,14,24,209,62,29,-1,-1,-1,-1
11,19,336,285,58,30,-1,-1,-1,-1
11,20,398,312,70,32,-1,-1,-1,-1
11,21,1110,192,57,30,-1,-1,-1,-1
12,1,17,372,353,177,-1,-1,-1,-1
12,2,585,512,126,68,-1,-1,-1,-1
12,3,168,544,138,80,-1,-1,-1,-1
12,4,913,316,51,35,-1,-1,-1,-1
12,5,796,299,58,38,-1,-1,-1,-1
12,6,669,307,71,37,-1,-1,-1,-1
12,7,1176,189,55,26,-1,-1,-1,-1
12,8,0,324,109,53,-1,-1,-1,-1
12,9,984,396,234,94,-1,-1,-1,-1
12,11,942,428,113,65,-1,-1,-1,-1
12,12,876,187,25,20,-1,-1,-1,-1
12,13,1040,269,71,39,-1,-1,-1,-1
12,14,25,209,60,29,-1,-1,-1,-1
12,20,394,313,68,31,-1,-1,-1,-1
12,21,1110,192,57,30,-1,-1,-1,-1
13,1,16,372,355,178,-1,-1,-1,-1
13,2,591,511,129,71,-1,-1,-1,-1
13,3,179,545,137,78,-1,-1,-1,-1
13,4,910,315,51,34,-1,-1,-1,-1
13,5,794,297,57,37,-1,-1,-1,-1
13,6,665,306,71,37,-1,-1,-1,-1
13,7,1176,189,55,26,-1,-1,-1,-1
13,8,0,324,104,54,-1,-1,-1,-1
13,9,983,396,214,88,-1,-1,-1,-1
13,11,938,426,111,62,-1,-1,-1,-1
13,13,1042,268,71,39,-1,-1,-1,-1
13,14,26,209,59,29,-1,-1,-1,-1
13,20,389,313,70,30,-1,-1,-1,-1
14,1,17,371,353,178,-1,-1,-1,-1
14,2,598,512,129,71,-1,-1,-1,-1
14,3,193,547,131,75,-1,-1,-1,-1
14,4,908,313,51,35,-1,-1,-1,-1
14,5,791,295,56,37,-1,-1,-1,-1
14,6,662,306,70,36,-1,-1,-1,-1
14,7,1176,190,55,26,-1,-1,-1,-1
14,8,0,326,97,53,-1,-1,-1,-1
14,9,982,395,202,84,-1,-1,-1,-1
14,11,929,422,112,64,-1,-1,-1,-1
14,12,876,182,28,22,-1,-1,-1,-1
14,13,1045,268,72,39,-1,-1,-1,-1
14,14,25,210,60,27,-1,-1,-1,-1
14,20,385,313,74,31,-1,-1,-1,-1
14,22,298,284,83,36,-1,-1,-1,-1
15,1,18,371,351,177,-1,-1,-1,-1
15,2,603,512,132,73,-1,-1,-1,-1
15,3,206,547,129,73,-1,-1,-1,-1
15,4,906,312,50,34,-1,-1,-1,-1
15,5,787,293,57,37,-1,-1,-1,-1
15,6,657,305,72,37,-1,-1,-1,-1
15,7,1176,190,55,26,-1,-1,-1,-1
15,8,0,326,93,52,-1,-1,-1,-1
15,9,983,394,194,81,-1,-1,-1,-1
15,11,918,416,119,68,-1,-1,-1,-1
15,12,878,181,27,22,-1,-1,-1,-1
15,13,1049,267,71,39,-1,-1,-1,-1
15,14,25,209,61,29,-1,-1,-1,-1
15,20,374,313,77,33,-1,-1,-1,-1
15,22,294,286,83,36,-1,-1,-1,-1
16,1,18,371,351,177,-1,-1,-1,-1
16,2,608,513,133,73,-1,-1,-1,-1
16,3,215,547,127,71,-1,-1,-1,-1
16,4,905,311,48,33,-1,-1,-1,-1
16,5,785,291,57,37,-1,-1,-1,-1
16,6,655,304,71,37,-1,-1,-1,-1
16,7,1176,190,55,26,-1,-1,-1,-1
16,8,0,328,86,50,-1,-1,-1,-1
16,9,976,392,186,80,-1,-1,-1,-1
16,11,914,415,114,66,-1,-1,-1,-1
16,12,879,180,28,22,-1,-1,-1,-1
16,13,1053,267,69,38,-1,-1,-1,-1
16,14,25,208,61,29,-1,-1,-1,-1
16,20,367,313,79,33,-1,-1,-1,-1
16,22,289,288,81,35,-1,-1,-1,-1
17,1,18,371,351,176,-1,-1,-1,-1
17,2,616,513,134,74,-1,-1,-1,-1
17,3,223,545,129,72,-1,-1,-1,-1
17,4,903,309,49,33,-1,-1,-1,-1
17,5,782,289,57,37,-1,-1,-1,-1
17,6,651,304,70,36,-1,-1,-1,-1
17,7,1176,190,55,26,-1,-1,-1,-1
17,8,0,329,81,48,-1,-1,-1,-1
17,9,973,390,184,79,-1,-1,-1,-1
17,11,910,414,109,62,-1,-1,-1,-1
17,12,882,178,26,22,-1,-1,-1,-1
17,13,1055,267,68,38,-1,-1,-1,-1
17,14,25,209,61,28,-1,-1,-1,-1
17,20,361,313,79,34,-1,-1,-1,-1
17,22,284,289,82,35,-1,-1,-1,-1
18,1,18,371,351,176,-1,-1,-1,-1
18,2,622,515,134,74,-1,-1,-1,-1
18,3,230,543,133,74,-1,-1,-1,-1
18,4,902,308,47,33,-1,-1,-1,-1
18,5,780,287,56,38,-1,-1,-1,-1
18,6,646,303,72,37,-1,-1,-1,-1
18,7,1176,190,55,26,-1,-1,-1,-1
18,8,0,331,76,47,-1,-1,-1,-1
18,9,971,388,181,78,-1,-1,-1,-1
18,11,906,413,106,60,-1,-1,-1,-1
18,12,883,177,26,22,-1,-1,-1,-1
18,13,1058,266,69,39,-1,-1,-1,-1
18,14,25,208,61,29,-1,-1,-1,-1
18,20,354,313,78,33,-1,-1,-1,-1
18,22,279,289,81,35,-1,-1,-1,-1
19,1,19,372,349,175,-1,-1,-1,-1
19,2,629,517,133,74,-1,-1,-1,-1
19,3,238,540,135,76,-1,-1,-1,-1
19,4,899,306,48,33,-1,-1,-1,-1
19,5,778,286,55,38,-1,-1,-1,-1
19,6,643,303,72,36,-1,-1,-1,-1
19,7,1176,190,55,26,-1,-1,-1,-1
19,8,0,332,70,45,-1,-1,-1,-1
19,9,969,385,178,78,-1,-1,-1,-1
19,11,901,410,104,60,-1,-1,-1,-1
19,13,1062,265,70,40,-1,-1,-1,-1
19,14,25,208,61,29,-1,-1,-1,-1
19,20,350,315,75,32,-1,-1,-1,-1
19,22,274,288,81,36,-1,-1,-1,-1
20,1,18,372,351,176,-1,-1,-1,-1
20,2,636,517,133,75,-1,-1,-1,-1
20,3,246,539,134,75,-1,-1,-1,-1
20,4,897,303,48,34,-1,-1,-1,-1
20,5,775,284,55,38,-1,-1,-1,-1
20,6,640,302,71,35,-1,-1,-1,-1
20,7,1175,190,57,26,-1,-1,-1,-1
20,8,0,332,66,45,-1,-1,-1,-1
20,9,962,385,168,73,-1,-1,-1,-1
20,11,895,407,106,61,-1,-1,-1,-1
20,13,1065,264,70,40,-1,-1,-1,-1
20,14,24,209,63,29,-1,-1,-1,-1
20,20,345,314,78,33,-1,-1,-1,-1
20,22,271,288,83,36,-1,-1,-1,-1
21,1,18,371,352,177,-1,-1,-1,-1
21,2,643,519,133,74,-1,-1,-1,-1
21,3,256,538,131,73,-1,-1,-1,-1
21,4,894,300,49,35,-1,-1,-1,-1
21,5,777,282,53,37,-1,-1,-1,-1
21,6,637,301,70,35,-1,-1,-1,-1
21,7,1175,190,57,26,-1,-1,-1,-1
21,8,0,333,61,45,-1,-1,-1,-1
21,9,955,383,166,72,-1,-1,-1,-1
21,11,889,403,105,61,-1,-1,-1,-1
21,13,1068,263,70,40,-1,-1,-1,-1
21,14,25,208,62,29,-1,-1,-1,-1
21,20,338,313,83,36,-1,-1,-1,-1
21,22,271,289,82,35,-1,-1,-1,-1
22,1,19,372,351,175,-1,-1,-1,-1
22,2,649,519,136,76,-1,-1,-1,-1
22,3,265,537,129,73,-1,-1,-1,-1
22,4,889,294,55,39,-1,-1,-1,-1
22,5,776,281,51,36,-1,-1,-1,-1
22,6,633,300,71,35,-1,-1,-1,-1
22,7,1175,190,57,26,-1,-1,-1,-1
22,8,0,334,55,43,-1,-1,-1,-1
22,9,949,381,165,72,-1,-1,-1,-1
22,11,885,403,101,58,-1,-1,-1,-1
22,14,25,209,62,29,-1,-1,-1,-1
22,20,335,314,81,35,-1,-1,-1,-1
22,22,274,289,87,37,-1,-1,-1,-1
23,1,19,372,351,175,-1,-1,-1,-1
23,2,655,520,136,77,-1,-1,-1,-1
23,3,274,535,130,73,-1,-1,-1,-1
23,4,888,290,56,41,-1,-1,-1,-1
23,5,774,278,52,37,-1,-1,-1,-1
23,6,628,298,73,36,-1,-1,-1,-1
23,7,1175,190,57,26,-1,-1,-1,-1
23,8,0,335,51,43,-1,-1,-1,-1
23,11,880,402,100,58,-1,-1,-1,-1
23,14,24,209,63,29,-1,-1,-1,-1
23,20,328,314,85,37,-1,-1,-1,-1
23,22,274,289,95,38,-1,-1,-1,-1
24,1,19,372,351,176,-1,-1,-1,-1
24,2,661,521,137,78,-1,-1,-1,-1
24,3,280,533,131,74,-1,-1,-1,-1
24,4,887,289,55,41,-1,-1,-1,-1
24,5,772,276,52,37,-1,-1,-1,-1
24,6,624,296,74,37,-1,-1,-1,-1
24,7,1175,190,57,26,-1,-1,-1,-1
24,8,0,337,46,42,-1,-1,-1,-1
24,11,874,400,101,58,-1,-1,-1,-1
24,14,24,209,63,29,-1,-1,-1,-1
24,20,322,315,87,38,-1,-1,-1,-1
24,22,260,292,86,35,-1,-1,-1,-1
25,1,19,372,351,176,-1,-1,-1,-1
25,2,666,521,139,79,-1,-1,-1,-1
25,3,288,531,132,75,-1,-1,-1,-1
25,4,887,288,53,39,-1,-1,-1,-1
25,6,619,294,76,38,-1,-1,-1,-1
25,7,1175,190,57,26,-1,-1,-1,-1
25,8,0,338,43,42,-1,-1,-1,-1
25,11,870,398,100,57,-1,-1,-1,-1
25,14,23,209,64,29,-1,-1,-1,-1
25,20,317,316,86,38,-1,-1,-1,-1
25,22,251,294,83,33,-1,-1,-1,-1
26,1,18,371,353,177,-1,-1,-1,-1
26,2,672,523,139,79,-1,-1,-1,-1
26,3,298,530,129,73,-1,-1,-1,-1
26,4,885,285,54,40,-1,-1,-1,-1
26,5,772,272,48,35,-1,-1,-1,-1
26,6,615,292,76,39,-1,-1,-1,-1
26,7,1175,189,57,26,-1,-1,-1,-1
26,11,860,391,105,61,-1,-1,-1,-1
26,14,24,208,62,30,-1,-1,-1,-1
26,20,313,316,82,37,-1,-1,-1,-1
26,22,244,295,80,33,-1,-1,-1,-1
26,23,1049,379,75,54,-1,-1,-1,-1
27,1,19,372,351,175,-1,-1,-1,-1
27,2,679,524,140,80,-1,-1,-1,-1
27,3,308,530,125,70,-1,-1,-1,-1
27,5,770,270,48,35,-1,-1,-1,-1
27,6,611,291,75,38,-1,-1,-1,-1
27,7,1174,189,59,27,-1,-1,-1,-1
27,11,855,388,104,61,-1,-1,-1,-1
27,14,25,209,61,29,-1,-1,-1,-1
27,20,309,317,81,37,-1,-1,-1,-1
27,22,237,296,79,32,-1,-1,-1,-1
27,23,1044,377,74,53,-1,-1,-1,-1
28,1,19,372,351,175,-1,-1,-1,-1
28,2,685,526,142,80,-1,-1,-1,-1
28,3,318,529,123,69,-1,-1,-1,-1
28,6,606,290,75,38,-1,-1,-1,-1
28,7,1174,189,59,27,-1,-1,-1,-1
28,11,852,388,99,58,-1,-1,-1,-1
28,14,25,209,61,29,-1,-1,-1,-1
28,20,305,318,79,35,-1,-1,-1,-1
28,22,233,297,79,31,-1,-1,-1,-1
28,23,1038,376,75,53,-1,-1,-1,-1
29,1,19,372,351,175,-1,-1,-1,-1
29,2,690,527,145,83,-1,-1,-1,-1
29,3,325,527,124,69,-1,-1,-1,-1
29,6,602,289,75,38,-1,-1,-1,-1
29,7,1174,189,59,27,-1,-1,-1,-1
29,11,848,387,96,57,-1,-1,-1,-1
29,14,25,209,61,29,-1,-1,-1,-1
29,20,299,318,81,36,-1,-1,-1,-1
29,22,228,297,80,32,-1,-1,-1,-1
29,23,1034,375,74,52,-1,-1,-1,-1
29,25,915,358,128,76,-1,-1,-1,-1
30,1,19,372,351,175,-1,-1,-1,-1
30,2,696,528,145,84,-1,-1,-1,-1
30,3,331,526,126,69,-1,-1,-1,-1
30,5,772,266,42,31,-1,-1,-1,-1
30,6,599,289,74,37,-1,-1,-1,-1
30,7,1174,189,59,27,-1,-1,-1,-1
30,11,844,387,93,54,-1,-1,-1,-1
30,14,25,209,61,29,-1,-1,-1,-1
30,20,293,318,83,37,-1,-1,-1,-1
30,22,224,297,78,31,-1,-1,-1,-1
30,23,1027,373,76,53,-1,-1,-1,-1
30,25,908,357,124,74,-1,-1,-1,-1
31,1,18,371,353,177,-1,-1,-1,-1
31,2,704,530,146,85,-1,-1,-1,-1
31,3,341,523,125,69,-1,-1,-1,-1
31,5,771,264,41,31,-1,-1,-1,-1
31,6,597,289,72,36,-1,-1,-1,-1
31,7,1175,189,57,27,-1,-1,-1,-1
31,11,838,385,94,55,-1,-1,-1,-1
31,14,25,209,61,29,-1,-1,-1,-1
31,20,289,318,81,37,-1,-1,-1,-1
31,22,219,298,79,31,-1,-1,-1,-1
31,23,1023,371,78,53,-1,-1,-1,-1
31,25,903,356,122,72,-1,-1,-1,-1
32,1,18,371,353,177,-1,-1,-1,-1
32,2,710,531,147,86,-1,-1,-1,-1
32,3,350,523,125,69,-1,-1,-1,-1
32,6,594,289,71,35,-1,-1,-1,-1
32,7,1175,189,57,27,-1,-1,-1,-1
32,11,834,383,92,54,-1,-1,-1,-1
32,14,24,209,63,29,-1,-1,-1,-1
32,20,283,319,83,37,-1,-1,-1,-1
32,22,213,298,81,32,-1,-1,-1,-1
32,23,1021,370,77,53,-1,-1,-1,-1
32,25,899,354,121,72,-1,-1,-1,-1
33,1,18,371,353,177,-1,-1,-1,-1
33,2,716,532,148,87,-1,-1,-1,-1
33,3,359,521,124,69,-1,-1,-1,-1
33,4,880,281,46,34,-1,-1,-1,-1
33,6,590,288,72,36,-1,-1,-1,-1
33,7,1174,189,59,27,-1,-1,-1,-1
33,11,828,381,93,54,-1,-1,-1,-1
33,14,24,209,63,29,-1,-1,-1,-1
33,20,275,318,88,40,-1,-1,-1,-1
33,22,209,299,81,32,-1,-1,-1,-1
33,23,1019,369,78,52,-1,-1,-1,-1
33,25,895,352,119,70,-1,-1,-1,-1
34,1,18,371,353,177,-1,-1,-1,-1
34,2,722,534,147,88,-1,-1,-1,-1
34,3,368,521,120,66,-1,-1,-1,-1
34,4,877,280,45,33,-1,-1,-1,-1
34,6,586,289,71,34,-1,-1,-1,-1
34,7,1174,189,59,27,-1,-1,-1,-1
34,11,824,378,94,55,-1,-1,-1,-1
34,14,24,209,63,30,-1,-1,-1,-1
34,20,272,319,85,39,-1,-1,-1,-1
34,21,1117,191,52,28,-1,-1,-1,-1
34,22,203,299,81,32,-1,-1,-1,-1
34,23,1018,367,78,52,-1,-1,-1,-1
34,25,891,349,122,73,-1,-1,-1,-1
35,1,17,371,355,178,-1,-1,-1,-1
35,2,728,536,149,89,-1,-1,-1,-1
35,3,376,521,118,64,-1,-1,-1,-1
35,4,876,279,43,33,-1,-1,-1,-1
35,5,769,259,42,32,-1,-1,-1,-1
35,6,583,289,70,34,-1,-1,-1,-1
35,7,1174,189,59,27,-1,-1,-1,-1
35,11,822,376,90,53,-1,-1,-1,-1
35,13,1116,247,71,41,-1,-1,-1,-1
35,14,24,208,63,31,-1,-1,-1,-1
35,20,270,321,83,37,-1,-1,-1,-1
35,21,1118,190,52,28,-1,-1,-1,-1
35,22,198,299,83,33,-1,-1,-1,-1
35,23,1015,366,78,52,-1,-1,-1,-1
35,25,885,346,120,72,-1,-1,-1,-1
36,1,17,372,354,177,-1,-1,-1,-1
36,2,734,537,151,91,-1,-1,-1,-1
36,3,385,522,116,62,-1,-1,-1,-1
36,4,874,278,42,32,-1,-1,-1,-1
36,5,770,257,39,31,-1,-1,-1,-1
36,6,580,289,69,33,-1,-1,-1,-1
36,7,1174,188,59,29,-1,-1,-1,-1
36,11,819,374,88,53,-1,-1,-1,-1
36,13,1119,246,71,41,-1,-1,-1,-1
36,14,24,208,63,31,-1,-1,-1,-1
36,20,266,320,87,39,-1,-1,-1,-1
36,21,1117,190,53,29,-1,-1,-1,-1
36,22,193,300,84,33,-1,-1,-1,-1
36,23,1011,365,79,52,-1,-1,-1,-1
36,25,881,345,115,68,-1,-1,-1,-1
37,1,17,371,354,177,-1,-1,-1,-1
37,2,742,540,150,90,-1,-1,-1,-1
37,3,392,520,117,63,-1,-1,-1,-1
37,4,873,276,41,32,-1,-1,-1,-1
37,5,770,256,37,30,-1,-1,-1,-1
37,6,578,289,67,32,-1,-1,-1,-1
37,7,1174,188,59,29,-1,-1,-1,-1
37,11,816,372,88,53,-1,-1,-1,-1
37,13,1124,246,69,40,-1,-1,-1,-1
37,14,24,208,64,31,-1,-1,-1,-1
37,20,261,321,91,39,-1,-1,-1,-1
37,21,1118,190,52,29,-1,-1,-1,-1
37,22,189,300,83,33,-1,-1,-1,-1
37,23,1009,365,77,51,-1,-1,-1,-1
37,25,878,342,112,68,-1,-1,-1,-1
38,1,18,371,353,177,-1,-1,-1,-1
38,2,750,542,150,91,-1,-1,-1,-1
38,3,399,521,116,62,-1,-1,-1,-1
38,4,872,274,40,32,-1,-1,-1,-1
38,5,771,255,35,29,-1,-1,-1,-1
38,6,574,289,67,31,-1,-1,-1,-1
38,7,1175,188,57,28,-1,-1,-1,-1
38,11,811,370,87,52,-1,-1,-1,-1
38,13,1127,246,69,39,-1,-1,-1,-1
38,14,25,208,62,30,-1,-1,-1,-1
38,20,254,321,88,39,-1,-1,-1,-1
38,21,1117,191,52,29,-1,-1,-1,-1
38,22,184,301,83,33,-1,-1,-1,-1
38,23,1005,363,79,51,-1,-1,-1,-1
38,25,875,340,109,67,-1,-1,-1,-1
39,1,18,372,353,176,-1,-1,-1,-1
39,2,758,544,150,92,-1,-1,-1,-1
39,3,407,520,115,61,-1,-1,-1,-1
39,4,873,274,38,29,-1,-1,-1,-1
39,5,771,254,33,28,-1,-1,-1,-1
39,6,570,288,66,31,-1,-1,-1,-1
39,7,1175,188,57,27,-1,-1,-1,-1
39,11,807,367,88,53,-1,-1,-1,-1
39,14,24,208,63,30,-1,-1,-1,-1
39,20,247,323,88,38,-1,-1,-1,-1
39,21,1117,191,52,29,-1,-1,-1,-1
39,22,179,302,82,32,-1,-1,-1,-1
39,23,1001,362,80,51,-1,-1,-1,-1
39,25,871,339,108,65,-1,-1,-1,-1
40,1,17,372,354,177,-1,-1,-1,-1
40,2,765,546,154,94,-1,-1,-1,-1
40,3,413,519,117,62,-1,-1,-1,-1
40,4,872,273,37,29,-1,-1,-1,-1
40,5,771,253,34,29,-1,-1,-1,-1
40,6,564,288,68,31,-1,-1,-1,-1
40,7,1176,189,55,26,-1,-1,-1,-1
40,11,804,365,87,53,-1,-1,-1,-1
40,13,1133,244,70,40,-1,-1,-1,-1
40,14,25,209,61,29,-1,-1,-1,-1
40,20,239,323,88,39,-1,-1,-1,-1
40,22,174,303,82,32,-1,-1,-1,-1
40,23,998,359,82,53,-1,-1,-1,-1
40,25,868,337,106,65,-1,-1,-1,-1
41,1,17,372,355,177,-1,-1,-1,-1
41,2,772,548,155,96,-1,-1,-1,-1
41,3,422,519,115,60,-1,-1,-1,-1
41,4,871,272,37,29,-1,-1,-1,-1
41,5,771,250,35,31,-1,-1,-1,-1
41,6,560,288,68,31,-1,-1,-1,-1
41,7,1176,188,55,27,-1,-1,-1,-1
41,11,803,364,84,51,-1,-1,-1,-1
41,13,1136,243,69,39,-1,-1,-1,-1
41,14,25,209,61,29,-1,-1,-1,-1
41,20,232,323,88,39,-1,-1,-1,-1
41,22,168,303,82,32,-1,-1,-1,-1
41,23,994,358,83,53,-1,-1,-1,-1
41,25,863,335,105,65,-1,-1,-1,-1
42,1,17,371,354,177,-1,-1,-1,-1
42,2,778,552,155,96,-1,-1,-1,-1
42,3,429,519,117,61,-1,-1,-1,-1
42,4,870,271,37,29,-1,-1,-1,-1
42,5,770,248,36,31,-1,-1,-1,-1
42,6,557,288,66,29,-1,-1,-1,-1
42,7,1175,188,57,27,-1,-1,-1,-1
42,11,801,362,83,51,-1,-1,-1,-1
42,13,1139,243,69,39,-1,-1,-1,-1
42,14,25,209,61,29,-1,-1,-1,-1
42,20,227,324,86,39,-1,-1,-1,-1
42,22,163,303,84,32,-1,-1,-1,-1
42,23,993,357,82,52,-1,-1,-1,-1
42,25,859,334,104,64,-1,-1,-1,-1
43,1,16,371,355,177,-1,-1,-1,-1
43,2,788,556,152,94,-1,-1,-1,-1
43,3,436,518,120,63,-1,-1,-1,-1
43,4,869,269,37,29,-1,-1,-1,-1
43,5,771,247,35,31,-1,-1,-1,-1
43,6,554,287,66,29,-1,-1,-1,-1
43,7,1175,188,57,27,-1,-1,-1,-1
43,11,796,360,82,52,-1,-1,-1,-1
43,13,1141,243,70,39,-1,-1,-1,-1
43,14,25,209,61,29,-1,-1,-1,-1
43,20,221,325,87,39,-1,-1,-1,-1
43,22,157,303,86,33,-1,-1,-1,-1
43,23,991,356,81,51,-1,-1,-1,-1
43,25,855,332,104,65,-1,-1,-1,-1
44,1,15,370,357,179,-1,-1,-1,-1
44,2,794,556,159,99,-1,-1,-1,-1
44,3,442,517,122,64,-1,-1,-1,-1
44,4,866,267,39,30,-1,-1,-1,-1
44,5,770,245,35,31,-1,-1,-1,-1
44,6,549,287,67,29,-1,-1,-1,-1
44,7,1175,188,57,27,-1,-1,-1,-1
44,11,786,359,81,51,-1,-1,-1,-1
44,13,1144,242,70,39,-1,-1,-1,-1
44,14,25,210,61,27,-1,-1,-1,-1
44,20,215,326,87,39,-1,-1,-1,-1
44,22,154,304,85,33,-1,-1,-1,-1
44,23,990,356,80,50,-1,-1,-1,-1
44,25,851,330,104,65,-1,-1,-1,-1
45,1,15,370,357,179,-1,-1,-1,-1
45,2,802,559,158,99,-1,-1,-1,-1
45,3,447,518,120,63,-1,-1,-1,-1
45,4,866,265,39,31,-1,-1,-1,-1
45,5,770,244,33,30,-1,-1,-1,-1
45,6,544,285,70,31,-1,-1,-1,-1
45,7,1175,188,57,27,-1,-1,-1,-1
45,11,780,358,81,50,-1,-1,-1,-1
45,13,1145,241,72,40,-1,-1,-1,-1
45,14,25,210,60,27,-1,-1,-1,-1
45,20,209,328,86,38,-1,-1,-1,-1
45,22,151,305,83,32,-1,-1,-1,-1
45,23,988,354,81,51,-1,-1,-1,-1
45,25,848,328,102,64,-1,-1,-1,-1
46,1,15,370,358,179,-1,-1,-1,-1
46,2,811,563,158,100,-1,-1,-1,-1
46,3,455,518,118,63,-1,-1,-1,-1
46,4,864,263,39,32,-1,-1,-1,-1
46,5,771,243,32,29,-1,-1,-1,-1
46,6,541,286,69,30,-1,-1,-1,-1
46,7,1175,188,57,27,-1,-1,-1,-1
46,11,776,358,79,48,-1,-1,-1,-1
46,13,1148,241,72,40,-1,-1,-1,-1
46,14,25,210,60,27,-1,-1,-1,-1
46,20,204,328,86,39,-1,-1,-1,-1
46,22,146,305,83,33,-1,-1,-1,-1
46,23,987,353,80,51,-1,-1,-1,-1
46,25,845,327,101,63,-1,-1,-1,-1
47,1,10,369,365,183,-1,-1,-1,-1
47,2,820,564,159,101,-1,-1,-1,-1
47,3,464,516,123,66,-1,-1,-1,-1
47,4,864,262,38,31,-1,-1,-1,-1
47,5,772,242,30,27,-1,-1,-1,-1
47,6,538,286,69,29,-1,-1,-1,-1
47,7,1176,189,55,26,-1,-1,-1,-1
47,11,773,357,77,47,-1,-1,-1,-1
47,14,24,209,62,29,-1,-1,-1,-1
47,20,198,329,87,39,-1,-1,-1,-1
47,22,143,306,82,33,-1,-1,-1,-1
47,23,985,353,80,50,-1,-1,-1,-1
47,25,841,324,102,65,-1,-1,-1,-1
47,32,1127,451,126,79,-1,-1,-1,-1
48,1,8,367,368,185,-1,-1,-1,-1
48,2,829,568,159,101,-1,-1,-1,-1
48,3,472,515,126,67,-1,-1,-1,-1
48,4,863,260,37,30,-1,-1,-1,-1
48,5,772,241,29,27,-1,-1,-1,-1
48,6,534,286,68,29,-1,-1,-1,-1
48,7,1176,188,56,27,-1,-1,-1,-1
48,11,768,352,78,48,-1,-1,-1,-1
48,13,1159,238,68,38,-1,-1,-1,-1
48,14,25,208,62,29,-1,-1,-1,-1
48,20,190,329,90,40,-1,-1,-1,-1
48,22,141,307,80,32,-1,-1,-1,-1
48,23,985,352,78,49,-1,-1,-1,-1
48,25,836,321,103,66,-1,-1,-1,-1
48,32,1117,447,125,78,-1,-1,-1,-1
49,1,7,367,369,186,-1,-1,-1,-1
49,2,837,571,160,102,-1,-1,-1,-1
49,3,479,516,124,66,-1,-1,-1,-1
49,4,863,258,36,29,-1,-1,-1,-1
49,5,772,239,29,27,-1,-1,-1,-1
49,6,530,286,68,28,-1,-1,-1,-1
49,7,1176,188,56,27,-1,-1,-1,-1
49,11,767,350,75,46,-1,-1,-1,-1
49,13,1164,237,67,37,-1,-1,-1,-1
49,14,25,208,63,29,-1,-1,-1,-1
49,20,186,329,88,41,-1,-1,-1,-1
49,22,139,308,78,31,-1,-1,-1,-1
49,23,984,351,78,49,-1,-1,-1,-1
49,25,834,319,100,65,-1,-1,-1,-1
49,32,1116,446,115,72,-1,-1,-1,-1
50,1,6,366,371,187,-1,-1,-1,-1
50,2,844,573,164,105,-1,-1,-1,-1
50,3,488,518,121,64,-1,-1,-1,-1
50,4,863,258,35,28,-1,-1,-1,-1
50,5,773,238,29,27,-1,-1,-1,-1
50,6,526,285,69,29,-1,-1,-1,-1
50,7,1176,188,56,27,-1,-1,-1,-1
50,11,761,349,77,46,-1,-1,-1,-1
50,12,918,149,27,22,-1,-1,-1,-1
50,13,1169,236,65,36,-1,-1,-1,-1
50,14,25,208,63,29,-1,-1,-1,-1
50,20,181,331,87,39,-1,-1,-1,-1
50,22,134,308,79,33,-1,-1,-1,-1
50,23,983,350,76,49,-1,-1,-1,-1
50,25,833,317,97,65,-1,-1,-1,-1
50,32,1105,442,119,73,-1,-1,-1,-1
51,1,7,366,369,187,-1,-1,-1,-1
51,2,852,575,166,107,-1,-1,-1,-1
51,3,494,517,123,65,-1,-1,-1,-1
51,4,863,257,34,28,-1,-1,-1,-1
51,5,774,236,29,27,-1,-1,-1,-1
51,6,521,285,71,29,-1,-1,-1,-1
51,7,1176,188,56,27,-1,-1,-1,-1
51,11,753,348,78,46,-1,-1,-1,-1
51,12,918,148,28,23,-1,-1,-1,-1
51,13,1172,235,66,36,-1,-1,-1,-1
51,14,24,208,65,30,-1,-1,-1,-1
51,19,142,309,59,31,-1,-1,-1,-1
51,20,175,332,86,39,-1,-1,-1,-1
51,22,130,309,79,32,-1,-1,-1,-1
51,23,982,349,76,49,-1,-1,-1,-1
51,25,831,316,94,63,-1,-1,-1,-1
51,32,1096,438,119,73,-1,-1,-1,-1
52,1,8,366,367,187,-1,-1,-1,-1
52,2,860,579,168,108,-1,-1,-1,-1
52,3,502,517,124,66,-1,-1,-1,-1
52,4,862,256,34,28,-1,-1,-1,-1
52,5,776,234,32,29,-1,-1,-1,-1
52,6,516,285,72,29,-1,-1,-1,-1
52,7,1175,188,57,27,-1,-1,-1,-1
52,11,748,346,79,47,-1,-1,-1,-1
52,12,919,148,26,22,-1,-1,-1,-1
52,13,1173,234,68,36,-1,-1,-1,-1
52,14,25,208,64,29,-1,-1,-1,-1
52,19,137,310,59,31,-1,-1,-1,-1
52,20,169,333,88,40,-1,-1,-1,-1
52,23,980,347,78,50,-1,-1,-1,-1
52,25,829,315,92,61,-1,-1,-1,-1
52,32,1086,436,118,71,-1,-1,-1,-1
53,1,10,368,363,185,-1,-1,-1,-1
53,2,869,582,169,109,-1,-1,-1,-1
53,3,510,518,123,65,-1,-1,-1,-1
53,4,862,255,33,28,-1,-1,-1,-1
53,5,776,232,32,29,-1,-1,-1,-1
53,6,512,285,72,29,-1,-1,-1,-1
53,7,1177,189,54,25,-1,-1,-1,-1
53,11,744,344,81,48,-1,-1,-1,-1
53,12,919,147,27,23,-1,-1,-1,-1
53,13,1178,233,66,36,-1,-1,-1,-1
53,14,25,208,63,29,-1,-1,-1,-1
53,20,163,335,88,40,-1,-1,-1,-1
53,23,980,345,76,50,-1,-1,-1,-1
53,25,826,313,90,61,-1,-1,-1,-1
53,32,1081,433,117,69,-1,-1,-1,-1
53,33,8,614,29,53,-1,-1,-1,-1
54,1,11,368,362,185,-1,-1,-1,-1
54,2,878,584,170,111,-1,-1,-1,-1
54,3,519,519,121,64,-1,-1,-1,-1
54,4,860,252,35,29,-1,-1,-1,-1
54,5,776,230,35,31,-1,-1,-1,-1
54,6,508,284,73,30,-1,-1,-1,-1
54,7,1176,189,55,26,-1,-1,-1,-1
54,11,738,341,85,50,-1,-1,-1,-1
54,12,920,146,27,23,-1,-1,-1,-1
54,13,1182,232,67,36,-1,-1,-1,-1
54,14,25,208,63,29,-1,-1,-1,-1
54,20,157,336,86,39,-1,-1,-1,-1
54,23,979,344,76,49,-1,-1,-1,-1
54,25,824,312,89,59,-1,-1,-1,-1
54,32,1072,431,117,68,-1,-1,-1,-1
54,33,12,611,33,58,-1,-1,-1,-1
55,1,11,369,361,183,-1,-1,-1,-1
55,2,888,587,171,112,-1,-1,-1,-1
55,3,526,520,121,64,-1,-1,-1,-1
55,4,860,251,34,29,-1,-1,-1,-1
55,5,776,228,35,32,-1,-1,-1,-1
55,6,504,284,73,29,-1,-1,-1,-1
55,7,1176,189,55,26,-1,-1,-1,-1
55,11,736,339,87,51,-1,-1,-1,-1
55,12,921,145,28,23,-1,-1,-1,-1
55,13,1184,231,68,36,-1,-1,-1,-1
55,14,25,208,63,29,-1,-1,-1,-1
55,20,153,337,84,38,-1,-1,-1,-1
55,23,979,343,75,49,-1,-1,-1,-1
55,25,823,310,86,59,-1,-1,-1,-1
55,32,1062,428,117,68,-1,-1,-1,-1
55,33,17,607,35,62,-1,-1,-1,-1
55,34,96,311,87,38,-1,-1,-1,-1
56,1,12,369,360,183,-1,-1,-1,-1
56,2,898,591,171,112,-1,-1,-1,-1
56,3,533,521,120,63,-1,-1,-1,-1
56,4,860,250,33,28,-1,-1,-1,-1
56,5,776,227,35,31,-1,-1,-1,-1
56,6,498,284,74,29,-1,-1,-1,-1
56,7,1175,190,55,25,-1,-1,-1,-1
56,11,734,338,85,50,-1,-1,-1,-1
56,12,922,145,28,23,-1,-1,-1,-1
56,13,1187,230,67,36,-1,-1,-1,-1
56,14,25,208,64,29,-1,-1,-1,-1
56,20,148,336,85,39,-1,-1,-1,-1
56,23,978,342,74,49,-1,-1,-1,-1
56,25,821,310,83,56,-1,-1,-1,-1
56,32,1053,426,120,69,-1,-1,-1,-1
56,33,19,603,42,68,-1,-1,-1,-1
56,34,91,313,87,38,-1,-1,-1,-1
57,1,13,369,359,183,-1,-1,-1,-1
57,2,909,595,173,113,-1,-1,-1,-1
57,3,540,521,121,64,-1,-1,-1,-1
57,4,859,248,33,29,-1,-1,-1,-1
57,5,777,226,34,31,-1,-1,-1,-1
57,6,495,283,74,29,-1,-1,-1,-1
57,7,1175,190,55,26,-1,-1,-1,-1
57,11,732,337,80,49,-1,-1,-1,-1
57,12,923,144,28,23,-1,-1,-1,-1
57,13,1192,230,66,36,-1,-1,-1,-1
57,14,25,208,64,29,-1,-1,-1,-1
57,20,146,337,83,38,-1,-1,-1,-1
57,23,977,340,74,49,-1,-1,-1,-1
57,25,821,310,80,54,-1,-1,-1,-1
57,32,1047,424,120,68,-1,-1,-1,-1
57,33,22,598,46,71,-1,-1,-1,-1
57,34,86,314,89,38,-1,-1,-1,-1
58,1,14,370,358,182,-1,-1,-1,-1
58,2,919,599,174,114,-1,-1,-1,-1
58,3,546,522,123,63,-1,-1,-1,-1
58,4,859,247,32,28,-1,-1,-1,-1
58,5,778,225,33,30,-1,-1,-1,-1
58,6,491,283,73,29,-1,-1,-1,-1
58,7,1175,190,56,26,-1,-1,-1,-1
58,11,729,337,79,47,-1,-1,-1,-1
58,13,1196,230,65,35,-1,-1,-1,-1
58,14,25,208,65,29,-1,-1,-1,-1
58,20,145,338,80,37,-1,-1,-1,-1
58,23,977,339,73,49,-1,-1,-1,-1
58,25,818,309,79,54,-1,-1,-1,-1
58,32,1040,420,122,69,-1,-1,-1,-1
58,33,26,594,51,74,-1,-1,-1,-1
59,1,15,370,356,182,-1,-1,-1,-1
59,2,930,603,171,112,-1,-1,-1,-1
59,3,554,522,124,64,-1,-1,-1,-1
59,4,858,246,33,28,-1,-1,-1,-1
59,5,778,223,33,29,-1,-1,-1,-1
59,6,488,283,73,29,-1,-1,-1,-1
59,7,1176,190,55,26,-1,-1,-1,-1
59,11,726,336,78,47,-1,-1,-1,-1
59,13,1199,229,65,35,-1,-1,-1,-1
59,14,25,208,64,29,-1,-1,-1,-1
59,20,141,339,79,38,-1,-1,-1,-1
59,23,976,338,72,49,-1,-1,-1,-1
59,25,816,307,77,53,-1,-1,-1,-1
59,32,1032,418,116,66,-1,-1,-1,-1
59,33,28,591,58,77,-1,-1,-1,-1
60,1,15,370,356,182,-1,-1,-1,-1
60,2,945,608,166,109,-1,-1,-1,-1
60,3,561,523,124,65,-1,-1,-1,-1
60,4,858,244,32,28,-1,-1,-1,-1
60,5,779,222,31,29,-1,-1,-1,-1
60,6,484,283,73,29,-1,-1,-1,-1
60,7,1176,190,55,26,-1,-1,-1,-1
60,11,724,334,78,48,-1,-1,-1,-1
60,13,1202,228,64,35,-1,-1,-1,-1
60,14,25,208,64,29,-1,-1,-1,-1
60,20,129,341,81,39,-1,-1,-1,-1
60,23,976,337,71,48,-1,-1,-1,-1
60,25,811,304,79,54,-1,-1,-1,-1
60,32,1025,414,112,63,-1,-1,-1,-1
60,33,31,587,64,78,-1,-1,-1,-1
61,1,16,371,355,181,-1,-1,-1,-1
61,2,956,612,161,104,-1,-1,-1,-1
61,3,568,525,124,64,-1,-1,-1,-1
61,4,859,243,31,27,-1,-1,-1,-1
61,5,780,222,30,27,-1,-1,-1,-1
61,6,479,283,75,29,-1,-1,-1,-1
61,7,1176,190,55,26,-1,-1,-1,-1
61,11,721,333,77,47,-1,-1,-1,-1
61,13,1204,226,66,37,-1,-1,-1,-1
61,14,25,208,65,29,-1,-1,-1,-1
61,20,117,342,84,40,-1,-1,-1,-1
61,23,976,337,69,47,-1,-1,-1,-1
61,25,808,300,80,56,-1,-1,-1,-1
61,32,1016,412,112,61,-1,-1,-1,-1
61,33,33,584,72,79,-1,-1,-1,-1
62,1,15,371,355,181,-1,-1,-1,-1
62,2,967,617,157,100,-1,-1,-1,-1
62,3,574,526,125,65,-1,-1,-1,-1
62,4,858,243,31,26,-1,-1,-1,-1
62,5,780,221,30,27,-1,-1,-1,-1
62,6,476,283,72,29,-1,-1,-1,-1
62,7,1176,190,55,26,-1,-1,-1,-1
62,11,718,331,78,47,-1,-1,-1,-1
62,13,1206,226,65,36,-1,-1,-1,-1
62,14,25,208,64,29,-1,-1,-1,-1
62,20,107,343,87,42,-1,-1,-1,-1
62,23,975,336,68,47,-1,-1,-1,-1
62,25,805,297,81,57,-1,-1,-1,-1
62,32,1008,409,111,61,-1,-1,-1,-1
62,33,35,581,81,84,-1,-1,-1,-1
63,1,16,371,354,181,-1,-1,-1,-1
63,2,980,620,154,98,-1,-1,-1,-1
63,3,578,526,129,67,-1,-1,-1,-1
63,4,857,241,31,27,-1,-1,-1,-1
63,5,781,220,30,27,-1,-1,-1,-1
63,6,473,284,71,27,-1,-1,-1,-1
63,7,1176,190,55,26,-1,-1,-1,-1
63,11,715,329,77,47,-1,-1,-1,-1
63,13,1207,224,65,37,-1,-1,-1,-1
63,14,25,208,65,29,-1,-1,-1,-1
63,20,98,344,90,44,-1,-1,-1,-1
63,23,975,336,67,46,-1,-1,-1,-1
63,25,803,295,80,57,-1,-1,-1,-1
63,32,1000,405,113,62,-1,-1,-1,-1
63,33,37,578,88,83,-1,-1,-1,-1
64,1,15,371,355,181,-1,-1,-1,-1
64,2,991,624,152,94,-1,-1,-1,-1
64,3,584,526,131,68,-1,-1,-1,-1
64,4,857,240,30,27,-1,-1,-1,-1
64,5,783,219,30,27,-1,-1,-1,-1
64,6,469,284,71,28,-1,-1,-1,-1
64,7,1176,190,55,26,-1,-1,-1,-1
64,11,711,327,77,47,-1,-1,-1,-1
64,13,1213,224,62,36,-1,-1,-1,-1
64,14,25,208,65,29,-1,-1,-1,-1
64,20,90,345,93,44,-1,-1,-1,-1
64,23,975,335,66,46,-1,-1,-1,-1
64,25,803,294,77,55,-1,-1,-1,-1
64,32,990,399,119,66,-1,-1,-1,-1
64,33,42,574,95,84,-1,-1,-1,-1
65,1,15,371,355,181,-1,-1,-1,-1
65,2,1001,627,151,92,-1,-1,-1,-1
65,3,591,527,133,70,-1,-1,-1,-1
65,4,857,238,30,27,-1,-1,-1,-1
65,5,783,218,31,27,-1,-1,-1,-1
65,6,464,284,72,28,-1,-1,-1,-1
65,7,1176,190,55,26,-1,-1,-1,-1
65,10,986,629,184,86,-1,-1,-1,-1
65,11,709,327,74,46,-1,-1,-1,-1
65,13,1217,223,62,37,-1,-1,-1,-1
65,14,25,208,64,29,-1,-1,-1,-1
65,20,83,345,93,45,-1,-1,-1,-1
65,23,974,335,65,45,-1,-1,-1,-1
65,25,802,293,76,55,-1,-1,-1,-1
65,32,984,398,115,63,-1,-1,-1,-1
65,33,48,573,101,85,-1,-1,-1,-1
65,34,39,320,90,39,-1,-1,-1,-1
66,1,14,371,357,182,-1,-1,-1,-1
66,3,598,528,135,71,-1,-1,-1,-1
66,4,856,237,30,27,-1,-1,-1,-1
66,5,786,217,30,26,-1,-1,-1,-1
66,6,460,284,71,27,-1,-1,-1,-1
66,7,1176,190,55,26,-1,-1,-1,-1
66,10,1000,632,175,84,-1,-1,-1,-1
66,11,705,326,74,46,-1,-1,-1,-1
66,13,1220,222,59,37,-1,-1,-1,-1
66,14,25,208,65,29,-1,-1,-1,-1
66,20,76,346,95,46,-1,-1,-1,-1
66,23,975,334,63,45,-1,-1,-1,-1
66,25,800,291,75,55,-1,-1,-1,-1
66,32,978,396,112,62,-1,-1,-1,-1
66,33,53,567,109,89,-1,-1,-1,-1
66,34,33,321,91,39,-1,-1,-1,-1
67,1,15,371,355,181,-1,-1,-1,-1
67,3,605,529,134,72,-1,-1,-1,-1
67,4,856,236,29,27,-1,-1,-1,-1
67,5,787,215,30,27,-1,-1,-1,-1
67,6,455,284,73,27,-1,-1,-1,-1
67,7,1176,190,55,26,-1,-1,-1,-1
67,10,1017,635,176,82,-1,-1,-1,-1
67,11,701,325,74,46,-1,-1,-1,-1
67,13,1224,221,55,36,-1,-1,-1,-1
67,14,24,208,65,29,-1,-1,-1,-1
67,20,68,347,97,47,-1,-1,-1,-1
67,23,975,332,63,45,-1,-1,-1,-1
67,25,797,288,76,57,-1,-1,-1,-1
67,32,973,394,108,60,-1,-1,-1,-1
67,33,62,567,111,85,-1,-1,-1,-1
67,34,29,321,97,42,-1,-1,-1,-1
68,1,15,371,355,181,-1,-1,-1,-1
68,3,615,532,132,70,-1,-1,-1,-1
68,4,856,235,29,26,-1,-1,-1,-1
68,5,788,214,31,27,-1,-1,-1,-1
68,6,450,284,73,28,-1,-1,-1,-1
68,7,1176,190,55,26,-1,-1,-1,-1
68,10,1029,642,163,75,-1,-1,-1,-1
68,11,698,324,73,44,-1,-1,-1,-1
68,13,1227,222,52,34,-1,-1,-1,-1
68,14,24,208,65,29,-1,-1,-1,-1
68,22,24,322,106,43,-1,-1,-1,-1
68,23,974,332,62,44,-1,-1,-1,-1
68,25,796,287,75,56,-1,-1,-1,-1
68,32,967,391,109,60,-1,-1,-1,-1
68,33,72,560,118,90,-1,-1,-1,-1
68,34,23,322,99,43,-1,-1,-1,-1
69,1,15,371,355,181,-1,-1,-1,-1
69,3,621,533,135,72,-1,-1,-1,-1
69,4,856,233,29,27,-1,-1,-1,-1
69,5,789,213,31,27,-1,-1,-1,-1
69,6,446,283,75,28,-1,-1,-1,-1
69,7,1176,190,55,26,-1,-1,-1,-1
69,10,1055,648,162,70,-1,-1,-1,-1
69,11,696,323,70,43,-1,-1,-1,-1
69,13,1229,221,50,35,-1,-1,-1,-1
69,14,25,209,63,28,-1,-1,-1,-1
69,21,1112,193,55,30,-1,-1,-1,-1
69,22,15,321,114,46,-1,-1,-1,-1
69,23,975,331,61,43,-1,-1,-1,-1
69,25,794,285,73,56,-1,-1,-1,-1
69,32,960,387,109,60,-1,-1,-1,-1
69,33,79,552,125,93,-1,-1,-1,-1
70,1,16,371,353,181,-1,-1,-1,-1
70,3,629,535,133,71,-1,-1,-1,-1
70,4,856,233,28,25,-1,-1,-1,-1
70,5,791,212,29,25,-1,-1,-1,-1
70,6,440,283,76,29,-1,-1,-1,-1
70,7,1176,190,55,26,-1,-1,-1,-1
70,10,1071,648,171,70,-1,-1,-1,-1
70,11,695,321,68,42,-1,-1,-1,-1
70,13,1232,220,47,35,-1,-1,-1,-1
70,14,25,209,63,28,-1,-1,-1,-1
70,21,1112,193,55,30,-1,-1,-1,-1
70,22,9,322,116,46,-1,-1,-1,-1
70,23,975,329,60,43,-1,-1,-1,-1
70,25,793,285,71,53,-1,-1,-1,-1
70,32,955,385,108,60,-1,-1,-1,-1
70,33,89,550,126,90,-1,-1,-1,-1
70,34,9,321,124,53,-1,-1,-1,-1
71,1,15,371,355,181,-1,-1,-1,-1
71,3,634,536,138,74,-1,-1,-1,-1
71,4,857,232,27,25,-1,-1,-1,-1
71,5,793,212,29,24,-1,-1,-1,-1
71,6,438,282,76,29,-1,-1,-1,-1
71,7,1176,190,55,26,-1,-1,-1,-1
71,10,1086,650,166,68,-1,-1,-1,-1
71,11,690,321,70,42,-1,-1,-1,-1
71,13,1236,219,43,34,-1,-1,-1,-1
71,14,24,209,63,28,-1,-1,-1,-1
71,22,5,319,117,47,-1,-1,-1,-1
71,23,974,327,61,45,-1,-1,-1,-1
71,25,791,283,69,53,-1,-1,-1,-1
71,32,950,382,106,59,-1,-1,-1,-1
71,33,98,549,129,90,-1,-1,-1,-1
71,34,4,321,126,55,-1,-1,-1,-1
72,1,14,371,356,182,-1,-1,-1,-1
72,3,640,536,141,77,-1,-1,-1,-1
72,4,857,230,27,24,-1,-1,-1,-1
72,5,795,211,29,24,-1,-1,-1,-1
72,6,433,282,78,30,-1,-1,-1,-1
72,7,1175,189,57,26,-1,-1,-1,-1
72,11,687,319,69,42,-1,-1,-1,-1
72,13,1240,219,39,33,-1,-1,-1,-1
72,14,24,209,64,29,-1,-1,-1,-1
72,19,5,325,80,41,-1,-1,-1,-1
72,22,0,320,118,47,-1,-1,-1,-1
72,23,974,327,60,44,-1,-1,-1,-1
72,25,790,282,67,52,-1,-1,-1,-1
72,32,945,380,106,60,-1,-1,-1,-1
72,33,108,548,129,88,-1,-1,-1,-1
72,35,208,624,76,53,-1,-1,-1,-1
73,1,13,371,357,182,-1,-1,-1,-1
73,3,648,538,141,77,-1,-1,-1,-1
73,4,857,229,27,25,-1,-1,-1,-1
73,5,796,209,30,25,-1,-1,-1,-1
73,6,430,281,79,31,-1,-1,-1,-1
73,7,1175,188,57,27,-1,-1,-1,-1
73,11,684,317,70,42,-1,-1,-1,-1
73,13,1242,217,37,33,-1,-1,-1,-1
73,14,24,209,65,29,-1,-1,-1,-1
73,19,1,327,81,40,-1,-1,-1,-1
73,23,974,326,59,44,-1,-1,-1,-1
73,25,789,280,66,52,-1,-1,-1,-1
73,32,938,376,107,61,-1,-1,-1,-1
73,33,118,547,130,87,-1,-1,-1,-1
73,35,209,623,77,55,-1,-1,-1,-1
74,1,12,371,359,183,-1,-1,-1,-1
74,3,654,539,142,79,-1,-1,-1,-1
74,4,856,228,27,24,-1,-1,-1,-1
74,5,798,208,31,25,-1,-1,-1,-1
74,6,430,282,75,29,-1,-1,-1,-1
74,7,1175,189,57,26,-1,-1,-1,-1
74,11,681,316,69,41,-1,-1,-1,-1
74,13,1245,218,34,31,-1,-1,-1,-1
74,14,24,209,65,29,-1,-1,-1,-1
74,19,0,328,78,38,-1,-1,-1,-1
74,23,974,325,58,44,-1,-1,-1,-1
74,25,786,278,67,53,-1,-1,-1,-1
74,32,932,373,106,60,-1,-1,-1,-1
74,33,129,546,127,84,-1,-1,-1,-1
74,35,217,621,75,53,-1,-1,-1,-1
75,1,13,371,358,183,-1,-1,-1,-1
75,3,661,541,143,80,-1,-1,-1,-1
75,4,856,227,26,24,-1,-1,-1,-1
75,5,798,206,31,25,-1,-1,-1,-1
75,6,423,282,77,30,-1,-1,-1,-1
75,7,1175,189,57,26,-1,-1,-1,-1
75,11,676,314,71,42,-1,-1,-1,-1
75,13,1248,217,31,31,-1,-1,-1,-1
75,14,25,208,65,29,-1,-1,-1,-1
75,19,0,329,73,36,-1,-1,-1,-1
75,23,973,324,59,45,-1,-1,-1,-1
75,25,784,276,67,53,-1,-1,-1,-1
75,32,926,370,104,59,-1,-1,-1,-1
75,33,138,545,126,81,-1,-1,-1,-1
75,35,222,621,74,53,-1,-1,-1,-1
76,1,13,371,357,183,-1,-1,-1,-1
76,3,667,542,144,81,-1,-1,-1,-1
76,4,856,226,26,24,-1,-1,-1,-1
76,5,799,205,32,25,-1,-1,-1,-1
76,6,426,282,73,29,-1,-1,-1,-1
76,7,1175,189,56,26,-1,-1,-1,-1
76,11,673,313,71,42,-1,-1,-1,-1
76,14,24,208,67,29,-1,-1,-1,-1
76,19,0,330,69,34,-1,-1,-1,-1
76,23,974,323,57,45,-1,-1,-1,-1
76,25,784,275,64,51,-1,-1,-1,-1
76,32,919,369,101,58,-1,-1,-1,-1
76,33,148,544,125,78,-1,-1,-1,-1
76,35,226,621,73,52,-1,-1,-1,-1
77,1,13,372,357,182,-1,-1,-1,-1
77,3,674,545,145,82,-1,-1,-1,-1
77,4,857,225,25,23,-1,-1,-1,-1
77,5,801,204,32,25,-1,-1,-1,-1
77,6,417,283,74,30,-1,-1,-1,-1
77,7,1175,189,56,26,-1,-1,-1,-1
77,11,669,313,71,42,-1,-1,-1,-1
77,14,24,208,66,29,-1,-1,-1,-1
77,19,1,331,64,32,-1,-1,-1,-1
77,23,975,323,56,43,-1,-1,-1,-1
77,25,783,274,63,50,-1,-1,-1,-1
77,32,916,367,97,56,-1,-1,-1,-1
77,33,159,543,123,76,-1,-1,-1,-1
77,35,229,620,73,52,-1,-1,-1,-1
78,1,14,372,357,182,-1,-1,-1,-1
78,3,681,547,146,83,-1,-1,-1,-1
78,4,857,224,25,23,-1,-1,-1,-1
78,5,803,203,31,25,-1,-1,-1,-1
78,6,411,283,75,30,-1,-1,-1,-1
78,7,1175,190,56,26,-1,-1,-1,-1
78,11,667,312,69,41,-1,-1,-1,-1
78,14,25,209,64,28,-1,-1,-1,-1
78,19,1,332,61,31,-1,-1,-1,-1
78,23,975,322,55,43,-1,-1,-1,-1
78,25,782,272,62,50,-1,-1,-1,-1
78,32,913,366,95,54,-1,-1,-1,-1
78,33,167,541,127,75,-1,-1,-1,-1
78,35,233,619,71,51,-1,-1,-1,-1
79,1,14,372,357,182,-1,-1,-1,-1
79,3,689,548,147,84,-1,-1,-1,-1
79,4,856,221,27,25,-1,-1,-1,-1
79,5,805,202,31,24,-1,-1,-1,-1
79,6,406,285,72,28,-1,-1,-1,-1
79,7,1175,190,56,26,-1,-1,-1,-1
79,11,664,311,69,41,-1,-1,-1,-1
79,14,25,208,65,29,-1,-1,-1,-1
79,19,0,333,57,30,-1,-1,-1,-1
79,23,976,322,54,43,-1,-1,-1,-1
79,25,781,271,60,49,-1,-1,-1,-1
79,32,906,363,95,55,-1,-1,-1,-1
79,33,173,539,131,76,-1,-1,-1,-1
79,35,235,617,74,53,-1,-1,-1,-1
80,1,13,371,358,183,-1,-1,-1,-1
80,3,696,550,147,85,-1,-1,-1,-1
80,4,857,220,26,25,-1,-1,-1,-1
80,5,807,202,30,23,-1,-1,-1,-1
80,6,401,285,73,29,-1,-1,-1,-1
80,7,1175,190,56,26,-1,-1,-1,-1
80,11,660,310,71,41,-1,-1,-1,-1
80,14,25,208,65,29,-1,-1,-1,-1
80,19,0,334,53,30,-1,-1,-1,-1
80,23,976,321,54,43,-1,-1,-1,-1
80,25,780,270,59,48,-1,-1,-1,-1
80,32,901,361,94,55,-1,-1,-1,-1
80,33,182,538,135,76,-1,-1,-1,-1
80,35,238,615,75,54,-1,-1,-1,-1
81,1,11,372,358,182,-1,-1,-1,-1
81,3,704,551,149,87,-1,-1,-1,-1
81,4,856,218,28,27,-1,-1,-1,-1
81,5,808,201,30,23,-1,-1,-1,-1
81,6,398,285,71,29,-1,-1,-1,-1
81,7,1175,190,57,26,-1,-1,-1,-1
81,11,657,309,69,41,-1,-1,-1,-1
81,14,25,208,65,29,-1,-1,-1,-1
81,19,0,335,48,30,-1,-1,-1,-1
81,23,977,320,53,44,-1,-1,-1,-1
81,25,778,269,58,47,-1,-1,-1,-1
81,32,896,357,94,55,-1,-1,-1,-1
81,33,192,535,138,77,-1,-1,-1,-1
81,35,243,614,73,52,-1,-1,-1,-1
82,1,11,372,358,182,-1,-1,-1,-1
82,3,709,553,153,90,-1,-1,-1,-1
82,4,855,218,28,26,-1,-1,-1,-1
82,5,810,199,30,23,-1,-1,-1,-1
82,6,393,286,72,28,-1,-1,-1,-1
82,7,1175,190,57,26,-1,-1,-1,-1
82,11,653,307,72,42,-1,-1,-1,-1
82,14,25,208,65,29,-1,-1,-1,-1
82,23,977,319,53,44,-1,-1,-1,-1
82,25,778,268,57,47,-1,-1,-1,-1
82,32,892,355,91,53,-1,-1,-1,-1
82,33,205,535,136,75,-1,-1,-1,-1
82,35,247,613,72,53,-1,-1,-1,-1
82,38,0,572,45,41,-1,-1,-1,-1
83,1,18,372,350,178,-1,-1,-1,-1
83,3,715,554,155,92,-1,-1,-1,-1
83,4,856,217,28,26,-1,-1,-1,-1
83,5,811,198,31,23,-1,-1,-1,-1
83,7,1175,190,57,26,-1,-1,-1,-1
83,11,650,305,70,42,-1,-1,-1,-1
83,14,24,208,67,29,-1,-1,-1,-1
83,23,977,318,53,45,-1,-1,-1,-1
83,25,775,266,59,48,-1,-1,-1,-1
83,32,889,353,90,53,-1,-1,-1,-1
83,33,215,533,133,73,-1,-1,-1,-1
83,35,252,612,71,52,-1,-1,-1,-1
83,38,0,569,48,42,-1,-1,-1,-1
84,1,22,372,345,175,-1,-1,-1,-1
84,3,723,557,155,92,-1,-1,-1,-1
84,4,856,215,28,26,-1,-1,-1,-1
84,5,813,196,32,24,-1,-1,-1,-1
84,7,1175,190,57,26,-1,-1,-1,-1
84,11,647,305,69,41,-1,-1,-1,-1
84,14,25,209,64,28,-1,-1,-1,-1
84,23,977,317,52,45,-1,-1,-1,-1
84,25,774,265,59,49,-1,-1,-1,-1
84,32,885,351,89,53,-1,-1,-1,-1
84,33,225,532,132,71,-1,-1,-1,-1
84,35,256,611,70,51,-1,-1,-1,-1
84,38,1,567,52,46,-1,-1,-1,-1
85,1,25,372,341,173,-1,-1,-1,-1
85,3,731,559,158,94,-1,-1,-1,-1
85,5,814,195,33,23,-1,-1,-1,-1
85,7,1175,190,57,26,-1,-1,-1,-1
85,11,644,304,70,41,-1,-1,-1,-1
85,14,25,209,63,28,-1,-1,-1,-1
85,23,978,317,50,43,-1,-1,-1,-1
85,25,772,263,60,50,-1,-1,-1,-1
85,32,881,349,87,52,-1,-1,-1,-1
85,33,231,529,135,73,-1,-1,-1,-1
85,35,260,612,68,51,-1,-1,-1,-1
85,38,2,566,54,48,-1,-1,-1,-1
86,1,25,373,341,171,-1,-1,-1,-1
86,3,738,562,157,95,-1,-1,-1,-1
86,4,856,213,28,26,-1,-1,-1,-1
86,5,816,193,32,23,-1,-1,-1,-1
86,7,1175,190,57,26,-1,-1,-1,-1
86,11,641,304,68,40,-1,-1,-1,-1
86,14,24,209,66,29,-1,-1,-1,-1
86,23,979,316,49,43,-1,-1,-1,-1
86,25,772,261,59,51,-1,-1,-1,-1
86,32,876,347,85,51,-1,-1,-1,-1
86,33,243,528,132,71,-1,-1,-1,-1
86,35,263,612,69,51,-1,-1,-1,-1
86,38,2,564,57,50,-1,-1,-1,-1
87,1,26,372,340,171,-1,-1,-1,-1
87,3,745,565,158,96,-1,-1,-1,-1
87,4,857,212,28,25,-1,-1,-1,-1
87,5,819,192,32,23,-1,-1,-1,-1
87,7,1175,190,57,26,-1,-1,-1,-1
87,11,638,304,67,39,-1,-1,-1,-1
87,14,25,209,64,29,-1,-1,-1,-1
87,23,979,316,49,43,-1,-1,-1,-1
87,25,771,258,59,52,-1,-1,-1,-1
87,32,872,345,84,51,-1,-1,-1,-1
87,33,252,525,133,71,-1,-1,-1,-1
87,35,266,612,68,50,-1,-1,-1,-1
87,38,3,563,59,52,-1,-1,-1,-1
